{
 "cells": [
  {
   "cell_type": "code",
   "execution_count": 1,
   "id": "581ce685",
   "metadata": {},
   "outputs": [],
   "source": [
    "import math\n",
    "import numpy as np\n",
    "import matplotlib.pyplot as plt\n",
    "import pandas as pd\n",
    "import seaborn as sns\n",
    "import os\n",
    "import glob"
   ]
  },
  {
   "cell_type": "code",
   "execution_count": 2,
   "id": "b014161d",
   "metadata": {},
   "outputs": [],
   "source": [
    "basepath = \"C:/Users/Judit/Desktop/uab/quart/tfg/dades_tfg/data\"\n",
    "demographics = pd.read_csv(os.path.join(basepath, \"demographics.csv\"))\n",
    "nodes = pd.read_csv(os.path.join(basepath, \"nodes.csv\"))\n",
    "basepath_FA = os.path.join(basepath, \"FA\")\n",
    "basepath_GM = os.path.join(basepath, \"GM\")\n",
    "basepath_RS = os.path.join(basepath, \"RS\")"
   ]
  },
  {
   "cell_type": "code",
   "execution_count": 3,
   "id": "62df3b02",
   "metadata": {},
   "outputs": [
    {
     "data": {
      "text/plain": [
       "['0000.csv',\n",
       " '0001.csv',\n",
       " '0002.csv',\n",
       " '0003.csv',\n",
       " '0004.csv',\n",
       " '0005.csv',\n",
       " '0006.csv',\n",
       " '0007.csv',\n",
       " '0008.csv',\n",
       " '0009.csv',\n",
       " '0010.csv',\n",
       " '0011.csv',\n",
       " '0012.csv',\n",
       " '0013.csv',\n",
       " '0014.csv',\n",
       " '0015.csv',\n",
       " '0016.csv',\n",
       " '0017.csv',\n",
       " '0018.csv',\n",
       " '0019.csv',\n",
       " '0020.csv',\n",
       " '0021.csv',\n",
       " '0022.csv',\n",
       " '0023.csv',\n",
       " '0024.csv',\n",
       " '0025.csv',\n",
       " '0026.csv',\n",
       " '0027.csv',\n",
       " '0028.csv',\n",
       " '0029.csv',\n",
       " '0030.csv',\n",
       " '0031.csv',\n",
       " '0032.csv',\n",
       " '0033.csv',\n",
       " '0034.csv',\n",
       " '0035.csv',\n",
       " '0036.csv',\n",
       " '0037.csv',\n",
       " '0038.csv',\n",
       " '0039.csv',\n",
       " '0040.csv',\n",
       " '0041.csv',\n",
       " '0042.csv',\n",
       " '0043.csv',\n",
       " '0044.csv',\n",
       " '0045.csv',\n",
       " '0046.csv',\n",
       " '0047.csv',\n",
       " '0048.csv',\n",
       " '0049.csv',\n",
       " '0050.csv',\n",
       " '0051.csv',\n",
       " '0052.csv',\n",
       " '0053.csv',\n",
       " '0054.csv',\n",
       " '0055.csv',\n",
       " '0056.csv',\n",
       " '0057.csv',\n",
       " '0058.csv',\n",
       " '0059.csv',\n",
       " '0060.csv',\n",
       " '0061.csv',\n",
       " '0062.csv',\n",
       " '0063.csv',\n",
       " '0064.csv',\n",
       " '0065.csv',\n",
       " '0066.csv',\n",
       " '0067.csv',\n",
       " '0068.csv',\n",
       " '0069.csv',\n",
       " '0070.csv',\n",
       " '0071.csv',\n",
       " '0072.csv',\n",
       " '0073.csv',\n",
       " '0074.csv',\n",
       " '0075.csv',\n",
       " '0076.csv',\n",
       " '0077.csv',\n",
       " '0078.csv',\n",
       " '0079.csv',\n",
       " '0080.csv',\n",
       " '0081.csv',\n",
       " '0082.csv',\n",
       " '0083.csv',\n",
       " '0084.csv',\n",
       " '0085.csv',\n",
       " '0086.csv',\n",
       " '0087.csv',\n",
       " '0088.csv',\n",
       " '0089.csv',\n",
       " '0090.csv',\n",
       " '0091.csv',\n",
       " '0092.csv',\n",
       " '0093.csv',\n",
       " '0094.csv',\n",
       " '0095.csv',\n",
       " '0096.csv',\n",
       " '0097.csv',\n",
       " '0098.csv',\n",
       " '0099.csv',\n",
       " '0100.csv',\n",
       " '0101.csv',\n",
       " '0102.csv',\n",
       " '0103.csv',\n",
       " '0104.csv',\n",
       " '0105.csv',\n",
       " '0106.csv',\n",
       " '0107.csv',\n",
       " '0108.csv',\n",
       " '0109.csv',\n",
       " '0110.csv',\n",
       " '0111.csv',\n",
       " '0112.csv',\n",
       " '0113.csv',\n",
       " '0114.csv',\n",
       " '0115.csv',\n",
       " '0116.csv',\n",
       " '0117.csv',\n",
       " '0118.csv',\n",
       " '0119.csv',\n",
       " '0120.csv',\n",
       " '0121.csv',\n",
       " '0122.csv',\n",
       " '0123.csv',\n",
       " '0124.csv',\n",
       " '0125.csv',\n",
       " '0126.csv',\n",
       " '0127.csv',\n",
       " '0128.csv',\n",
       " '0129.csv',\n",
       " '0130.csv',\n",
       " '0131.csv',\n",
       " '0132.csv',\n",
       " '0133.csv',\n",
       " '0134.csv',\n",
       " '0135.csv',\n",
       " '0136.csv',\n",
       " '0137.csv',\n",
       " '0138.csv',\n",
       " '0139.csv',\n",
       " '0140.csv',\n",
       " '0141.csv',\n",
       " '0142.csv',\n",
       " '0143.csv',\n",
       " '0144.csv',\n",
       " '0145.csv',\n",
       " '0146.csv',\n",
       " '0147.csv',\n",
       " '0148.csv',\n",
       " '0149.csv',\n",
       " '0150.csv',\n",
       " '0151.csv',\n",
       " '0152.csv',\n",
       " '0153.csv',\n",
       " '0154.csv',\n",
       " '0155.csv',\n",
       " '0156.csv',\n",
       " '0157.csv',\n",
       " '0158.csv',\n",
       " '0159.csv',\n",
       " '0160.csv',\n",
       " '0161.csv',\n",
       " '0162.csv',\n",
       " '0163.csv',\n",
       " '0164.csv']"
      ]
     },
     "execution_count": 3,
     "metadata": {},
     "output_type": "execute_result"
    }
   ],
   "source": [
    "filenames = [\"{:04d}.csv\".format(x) for x in demographics[\"id\"]]\n",
    "filenames"
   ]
  },
  {
   "cell_type": "code",
   "execution_count": 4,
   "id": "e3839751",
   "metadata": {},
   "outputs": [],
   "source": [
    "data_FA = np.zeros(shape=(len(filenames), 76, 76))\n",
    "data_GM = np.zeros(shape=(len(filenames), 76, 76))\n",
    "data_RS = np.zeros(shape=(len(filenames), 76, 76))"
   ]
  },
  {
   "cell_type": "code",
   "execution_count": 5,
   "id": "ffac732c",
   "metadata": {},
   "outputs": [],
   "source": [
    "for i, filename in enumerate(filenames):\n",
    "    df_FA = pd.read_csv(os.path.join(basepath_FA, filename), header=None)\n",
    "    data_FA[i,:,:] = df_FA.values\n",
    "    \n",
    "    df_GM = pd.read_csv(os.path.join(basepath_GM, filename), header=None)\n",
    "    data_GM[i,:,:] = df_GM.values\n",
    "    \n",
    "    df_RS = pd.read_csv(os.path.join(basepath_RS, filename), header=None)\n",
    "    data_RS[i,:,:] = df_RS.values"
   ]
  },
  {
   "cell_type": "code",
   "execution_count": 6,
   "id": "73a5d7ef",
   "metadata": {},
   "outputs": [
    {
     "data": {
      "text/plain": [
       "array([[[0.        , 0.40522193, 0.        , ..., 0.        ,\n",
       "         0.        , 0.38546734],\n",
       "        [0.40522193, 0.        , 0.        , ..., 0.44987853,\n",
       "         0.        , 0.46430682],\n",
       "        [0.        , 0.        , 0.        , ..., 0.        ,\n",
       "         0.        , 0.        ],\n",
       "        ...,\n",
       "        [0.        , 0.44987853, 0.        , ..., 0.        ,\n",
       "         0.36835478, 0.35931725],\n",
       "        [0.        , 0.        , 0.        , ..., 0.36835478,\n",
       "         0.        , 0.35820915],\n",
       "        [0.38546734, 0.46430682, 0.        , ..., 0.35931725,\n",
       "         0.35820915, 0.        ]],\n",
       "\n",
       "       [[0.        , 0.33989526, 0.        , ..., 0.        ,\n",
       "         0.        , 0.37613276],\n",
       "        [0.33989526, 0.        , 0.        , ..., 0.32421487,\n",
       "         0.        , 0.37474739],\n",
       "        [0.        , 0.        , 0.        , ..., 0.        ,\n",
       "         0.        , 0.        ],\n",
       "        ...,\n",
       "        [0.        , 0.32421487, 0.        , ..., 0.        ,\n",
       "         0.34255555, 0.33477336],\n",
       "        [0.        , 0.        , 0.        , ..., 0.34255555,\n",
       "         0.        , 0.35131656],\n",
       "        [0.37613276, 0.37474739, 0.        , ..., 0.33477336,\n",
       "         0.35131656, 0.        ]],\n",
       "\n",
       "       [[0.        , 0.43570114, 0.        , ..., 0.        ,\n",
       "         0.        , 0.42394895],\n",
       "        [0.43570114, 0.        , 0.        , ..., 0.50588286,\n",
       "         0.        , 0.49142434],\n",
       "        [0.        , 0.        , 0.        , ..., 0.        ,\n",
       "         0.        , 0.        ],\n",
       "        ...,\n",
       "        [0.        , 0.50588286, 0.        , ..., 0.        ,\n",
       "         0.37505378, 0.37924582],\n",
       "        [0.        , 0.        , 0.        , ..., 0.37505378,\n",
       "         0.        , 0.3662887 ],\n",
       "        [0.42394895, 0.49142434, 0.        , ..., 0.37924582,\n",
       "         0.3662887 , 0.        ]],\n",
       "\n",
       "       ...,\n",
       "\n",
       "       [[0.        , 0.42302602, 0.        , ..., 0.        ,\n",
       "         0.        , 0.43627463],\n",
       "        [0.42302602, 0.        , 0.        , ..., 0.47179673,\n",
       "         0.        , 0.42860237],\n",
       "        [0.        , 0.        , 0.        , ..., 0.        ,\n",
       "         0.        , 0.        ],\n",
       "        ...,\n",
       "        [0.        , 0.47179673, 0.        , ..., 0.        ,\n",
       "         0.4223092 , 0.40776465],\n",
       "        [0.        , 0.        , 0.        , ..., 0.4223092 ,\n",
       "         0.        , 0.38957618],\n",
       "        [0.43627463, 0.42860237, 0.        , ..., 0.40776465,\n",
       "         0.38957618, 0.        ]],\n",
       "\n",
       "       [[0.        , 0.46331451, 0.        , ..., 0.        ,\n",
       "         0.        , 0.        ],\n",
       "        [0.46331451, 0.        , 0.        , ..., 0.49569739,\n",
       "         0.        , 0.44701463],\n",
       "        [0.        , 0.        , 0.        , ..., 0.        ,\n",
       "         0.        , 0.        ],\n",
       "        ...,\n",
       "        [0.        , 0.49569739, 0.        , ..., 0.        ,\n",
       "         0.35948235, 0.38794147],\n",
       "        [0.        , 0.        , 0.        , ..., 0.35948235,\n",
       "         0.        , 0.34812438],\n",
       "        [0.        , 0.44701463, 0.        , ..., 0.38794147,\n",
       "         0.34812438, 0.        ]],\n",
       "\n",
       "       [[0.        , 0.4379184 , 0.        , ..., 0.        ,\n",
       "         0.        , 0.45457148],\n",
       "        [0.4379184 , 0.        , 0.        , ..., 0.49912272,\n",
       "         0.        , 0.4394535 ],\n",
       "        [0.        , 0.        , 0.        , ..., 0.        ,\n",
       "         0.        , 0.        ],\n",
       "        ...,\n",
       "        [0.        , 0.49912272, 0.        , ..., 0.        ,\n",
       "         0.43937859, 0.4248559 ],\n",
       "        [0.        , 0.        , 0.        , ..., 0.43937859,\n",
       "         0.        , 0.39936464],\n",
       "        [0.45457148, 0.4394535 , 0.        , ..., 0.4248559 ,\n",
       "         0.39936464, 0.        ]]])"
      ]
     },
     "execution_count": 6,
     "metadata": {},
     "output_type": "execute_result"
    }
   ],
   "source": [
    "data_FA"
   ]
  },
  {
   "cell_type": "code",
   "execution_count": 7,
   "id": "2253ba14",
   "metadata": {},
   "outputs": [
    {
     "data": {
      "text/plain": [
       "array([[[0.        , 0.01092925, 0.00976027, ..., 0.02400776,\n",
       "         0.00720083, 0.02324084],\n",
       "        [0.01092925, 0.        , 0.02157368, ..., 0.0530924 ,\n",
       "         0.01532649, 0.05183536],\n",
       "        [0.00976027, 0.02157368, 0.        , ..., 0.04686056,\n",
       "         0.01387286, 0.04438257],\n",
       "        ...,\n",
       "        [0.02400776, 0.0530924 , 0.04686056, ..., 0.        ,\n",
       "         0.03466667, 0.11354242],\n",
       "        [0.00720083, 0.01532649, 0.01387286, ..., 0.03466667,\n",
       "         0.        , 0.03288942],\n",
       "        [0.02324084, 0.05183536, 0.04438257, ..., 0.11354242,\n",
       "         0.03288942, 0.        ]],\n",
       "\n",
       "       [[0.        , 0.01181403, 0.00701129, ..., 0.0354831 ,\n",
       "         0.00705333, 0.02451802],\n",
       "        [0.01181403, 0.        , 0.01516767, ..., 0.07860736,\n",
       "         0.01521611, 0.05506321],\n",
       "        [0.00701129, 0.01516767, 0.        , ..., 0.04586335,\n",
       "         0.00918694, 0.03160368],\n",
       "        ...,\n",
       "        [0.0354831 , 0.07860736, 0.04586335, ..., 0.        ,\n",
       "         0.04680758, 0.160669  ],\n",
       "        [0.00705333, 0.01521611, 0.00918694, ..., 0.04680758,\n",
       "         0.        , 0.03192989],\n",
       "        [0.02451802, 0.05506321, 0.03160368, ..., 0.160669  ,\n",
       "         0.03192989, 0.        ]],\n",
       "\n",
       "       [[0.        , 0.01977221, 0.01685782, ..., 0.06282641,\n",
       "         0.01341071, 0.04001803],\n",
       "        [0.01977221, 0.        , 0.02414822, ..., 0.09282858,\n",
       "         0.01946656, 0.05796435],\n",
       "        [0.01685782, 0.02414822, 0.        , ..., 0.07733318,\n",
       "         0.01716356, 0.05029463],\n",
       "        ...,\n",
       "        [0.06282641, 0.09282858, 0.07733318, ..., 0.        ,\n",
       "         0.06241752, 0.18569204],\n",
       "        [0.01341071, 0.01946656, 0.01716356, ..., 0.06241752,\n",
       "         0.        , 0.04002139],\n",
       "        [0.04001803, 0.05796435, 0.05029463, ..., 0.18569204,\n",
       "         0.04002139, 0.        ]],\n",
       "\n",
       "       ...,\n",
       "\n",
       "       [[0.        , 0.01275617, 0.01217358, ..., 0.04483696,\n",
       "         0.0125137 , 0.03764683],\n",
       "        [0.01275617, 0.        , 0.01528132, ..., 0.05668444,\n",
       "         0.01585609, 0.04733789],\n",
       "        [0.01217358, 0.01528132, 0.        , ..., 0.05337186,\n",
       "         0.01494447, 0.04416869],\n",
       "        ...,\n",
       "        [0.04483696, 0.05668444, 0.05337186, ..., 0.        ,\n",
       "         0.05678247, 0.1680601 ],\n",
       "        [0.0125137 , 0.01585609, 0.01494447, ..., 0.05678247,\n",
       "         0.        , 0.04693344],\n",
       "        [0.03764683, 0.04733789, 0.04416869, ..., 0.1680601 ,\n",
       "         0.04693344, 0.        ]],\n",
       "\n",
       "       [[0.        , 0.01283228, 0.01173614, ..., 0.03925756,\n",
       "         0.01016681, 0.03159114],\n",
       "        [0.01283228, 0.        , 0.02064086, ..., 0.06931982,\n",
       "         0.01810921, 0.05609432],\n",
       "        [0.01173614, 0.02064086, 0.        , ..., 0.06429579,\n",
       "         0.01673181, 0.05098   ],\n",
       "        ...,\n",
       "        [0.03925756, 0.06931982, 0.06429579, ..., 0.        ,\n",
       "         0.05601932, 0.17239771],\n",
       "        [0.01016681, 0.01810921, 0.01673181, ..., 0.05601932,\n",
       "         0.        , 0.04475475],\n",
       "        [0.03159114, 0.05609432, 0.05098   , ..., 0.17239771,\n",
       "         0.04475475, 0.        ]],\n",
       "\n",
       "       [[0.        , 0.01465787, 0.0117365 , ..., 0.04737862,\n",
       "         0.00999235, 0.03372502],\n",
       "        [0.01465787, 0.        , 0.01788422, ..., 0.07381022,\n",
       "         0.01574871, 0.05146735],\n",
       "        [0.0117365 , 0.01788422, 0.        , ..., 0.05691159,\n",
       "         0.01223387, 0.03976067],\n",
       "        ...,\n",
       "        [0.04737862, 0.07381022, 0.05691159, ..., 0.        ,\n",
       "         0.05000138, 0.16536942],\n",
       "        [0.00999235, 0.01574871, 0.01223387, ..., 0.05000138,\n",
       "         0.        , 0.03532892],\n",
       "        [0.03372502, 0.05146735, 0.03976067, ..., 0.16536942,\n",
       "         0.03532892, 0.        ]]])"
      ]
     },
     "execution_count": 7,
     "metadata": {},
     "output_type": "execute_result"
    }
   ],
   "source": [
    "data_GM"
   ]
  },
  {
   "cell_type": "code",
   "execution_count": 8,
   "id": "37c5fd2c",
   "metadata": {},
   "outputs": [
    {
     "data": {
      "text/plain": [
       "array([[[0.        , 0.32148423, 0.22454527, ..., 0.18503865,\n",
       "         0.43315624, 0.33278617],\n",
       "        [0.32148423, 0.        , 0.71249905, ..., 0.49187673,\n",
       "         0.65304696, 0.44755928],\n",
       "        [0.22454527, 0.71249905, 0.        , ..., 0.39944373,\n",
       "         0.63349742, 0.48849575],\n",
       "        ...,\n",
       "        [0.18503865, 0.49187673, 0.39944373, ..., 0.        ,\n",
       "         0.27314513, 0.55031085],\n",
       "        [0.43315624, 0.65304696, 0.63349742, ..., 0.27314513,\n",
       "         0.        , 0.60976677],\n",
       "        [0.33278617, 0.44755928, 0.48849575, ..., 0.55031085,\n",
       "         0.60976677, 0.        ]],\n",
       "\n",
       "       [[0.        , 0.02130933, 0.09358542, ..., 0.29462944,\n",
       "         0.07273126, 0.28249394],\n",
       "        [0.02130933, 0.        , 0.17566425, ..., 0.22308508,\n",
       "         0.33301901, 0.0437634 ],\n",
       "        [0.09358542, 0.17566425, 0.        , ..., 0.00373577,\n",
       "         0.04172906, 0.16673171],\n",
       "        ...,\n",
       "        [0.29462944, 0.22308508, 0.00373577, ..., 0.        ,\n",
       "         0.37736777, 0.20350557],\n",
       "        [0.07273126, 0.33301901, 0.04172906, ..., 0.37736777,\n",
       "         0.        , 0.38330852],\n",
       "        [0.28249394, 0.0437634 , 0.16673171, ..., 0.20350557,\n",
       "         0.38330852, 0.        ]],\n",
       "\n",
       "       [[0.        , 0.69056623, 0.30572181, ..., 0.03602141,\n",
       "         0.64391468, 0.42181619],\n",
       "        [0.69056623, 0.        , 0.09011826, ..., 0.01987197,\n",
       "         0.70038577, 0.17833069],\n",
       "        [0.30572181, 0.09011826, 0.        , ..., 0.08495768,\n",
       "         0.37167149, 0.19305077],\n",
       "        ...,\n",
       "        [0.03602141, 0.01987197, 0.08495768, ..., 0.        ,\n",
       "         0.23353459, 0.48941833],\n",
       "        [0.64391468, 0.70038577, 0.37167149, ..., 0.23353459,\n",
       "         0.        , 0.6060256 ],\n",
       "        [0.42181619, 0.17833069, 0.19305077, ..., 0.48941833,\n",
       "         0.6060256 , 0.        ]],\n",
       "\n",
       "       ...,\n",
       "\n",
       "       [[0.        , 0.75204324, 0.50234454, ..., 0.31486217,\n",
       "         0.35961137, 0.28289882],\n",
       "        [0.75204324, 0.        , 0.66552516, ..., 0.38722805,\n",
       "         0.31129642, 0.25788492],\n",
       "        [0.50234454, 0.66552516, 0.        , ..., 0.12069854,\n",
       "         0.39825035, 0.16221523],\n",
       "        ...,\n",
       "        [0.31486217, 0.38722805, 0.12069854, ..., 0.        ,\n",
       "         0.04639479, 0.16038291],\n",
       "        [0.35961137, 0.31129642, 0.39825035, ..., 0.04639479,\n",
       "         0.        , 0.60155117],\n",
       "        [0.28289882, 0.25788492, 0.16221523, ..., 0.16038291,\n",
       "         0.60155117, 0.        ]],\n",
       "\n",
       "       [[0.        , 0.39891722, 0.50040746, ..., 0.44641682,\n",
       "         0.04777091, 0.20729182],\n",
       "        [0.39891722, 0.        , 0.3565595 , ..., 0.41135198,\n",
       "         0.07840762, 0.1175258 ],\n",
       "        [0.50040746, 0.3565595 , 0.        , ..., 0.43446165,\n",
       "         0.03996754, 0.05477013],\n",
       "        ...,\n",
       "        [0.44641682, 0.41135198, 0.43446165, ..., 0.        ,\n",
       "         0.08787016, 0.18719836],\n",
       "        [0.04777091, 0.07840762, 0.03996754, ..., 0.08787016,\n",
       "         0.        , 0.55943065],\n",
       "        [0.20729182, 0.1175258 , 0.05477013, ..., 0.18719836,\n",
       "         0.55943065, 0.        ]],\n",
       "\n",
       "       [[0.        , 0.18272513, 0.22607283, ..., 0.25375922,\n",
       "         0.25989396, 0.29414881],\n",
       "        [0.18272513, 0.        , 0.48509911, ..., 0.26132292,\n",
       "         0.48001679, 0.31150965],\n",
       "        [0.22607283, 0.48509911, 0.        , ..., 0.40668308,\n",
       "         0.2667293 , 0.25468569],\n",
       "        ...,\n",
       "        [0.25375922, 0.26132292, 0.40668308, ..., 0.        ,\n",
       "         0.14514565, 0.66556017],\n",
       "        [0.25989396, 0.48001679, 0.2667293 , ..., 0.14514565,\n",
       "         0.        , 0.5175166 ],\n",
       "        [0.29414881, 0.31150965, 0.25468569, ..., 0.66556017,\n",
       "         0.5175166 , 0.        ]]])"
      ]
     },
     "execution_count": 8,
     "metadata": {},
     "output_type": "execute_result"
    }
   ],
   "source": [
    "data_RS"
   ]
  },
  {
   "cell_type": "code",
   "execution_count": null,
   "id": "df5be150",
   "metadata": {},
   "outputs": [],
   "source": []
  }
 ],
 "metadata": {
  "kernelspec": {
   "display_name": "Python 3 (ipykernel)",
   "language": "python",
   "name": "python3"
  },
  "language_info": {
   "codemirror_mode": {
    "name": "ipython",
    "version": 3
   },
   "file_extension": ".py",
   "mimetype": "text/x-python",
   "name": "python",
   "nbconvert_exporter": "python",
   "pygments_lexer": "ipython3",
   "version": "3.9.7"
  }
 },
 "nbformat": 4,
 "nbformat_minor": 5
}
